    6.231646   0.2501474   0.9232611   0.9234438 0.006747085   0.6171841   0.1925096  0.06866398
   0.8265915    37.34731  0.01563759   0.4891495   0.9775727   0.1346179   0.2078177  0.04801964
   0.6817824   0.3313948    1.425733  0.05186848   0.5544671   0.9060249   0.7088395   0.8529568
   0.2852515   0.2485971   0.9527697    50.96244   0.3360676   0.9033092   0.4303241    0.433437
   0.1534566   0.3535852   0.3568808   0.1602037    62.12924   0.5493904   0.2288676   0.7973608
   0.1329421   0.2445052   0.2865103   0.1105148   0.3791232      31.637   0.1585345  0.06090558
   0.8257228   0.1808116   0.1127741   0.3801899  0.08683651   0.8216136    14.92139    0.372088
  0.07021075   0.1859165   0.1683761   0.4062783  0.08922561   0.5987002   0.8397154    15.53166



=================================

    486.2069    2607.198    398.7173    5406.981    5440.183    3723.204     526.433    1777.891


