#N			RUNTIME
	L3	   L2CACHE    FLOPS_DP   FLOPS_AVX
64	3.125e-06  5e-05      0.0002     0         
100	0.000225   0.000225   0.0009     0         
128	0.0005     0.0005     0.002      0         
2000	7.99737    7.99798    31.569     0         
2048	17.8747    18.0023    71.8036    0         

#N			L3
	MatPtrVet MatRowVet MatMatPtr MatMatRow
64	22238.7    23015.8    705.995    800.062   
100	13617.3    13639.9    408.838    407.061   
128	12527.8    12615.9    431.072    337.437   
2000	14705.8    14743.3    23189.1    20083     
2048	14812.9    14647.4    21041.2    12642.9   

#N			L2CACHE
	MatPtrVet MatRowVet MatMatPtr MatMatRow
64	0.312      0.3092     0.0645     0.033     
100	0.3387     0.3229     0.0314     0.0311    
128	0.342      0.3306     0.0318     0.0041    
2000	0.3047     0.3058     0.3258     0.3028    
2048	0.2999     0.3022     0.3102     0.2693    

#N			FLOPS_DP					FLOPS_AVX
	MatPtrVet MatRowVet MatMatPtr MatMatRow		MatPtrVet MatRowVet MatMatPtr MatMatRow
64	2177.93    2060.11    2182.27    2480.13   	0          0          0          0         
100	1809.53    1703.15    2044.04    2187.98   	0          0          0          0         
128	1821.35    1755.74    2008.4     2049.48   	0          0          0          0         
2000	1827.88    1815.05    512.785    506.827   	0          0          0          0         
2048	1818.75    1784.24    457.022    239.262   	0          0          0          0         

