#N			RUNTIME OTIMIZADO
	L3	   L2CACHE    FLOPS_DP   FLOPS_AVX
64	3.90625e-07 2.5e-05    0.0001     0         
100	0.0001     0.0001     0.0004     0         
128	0.0002     0.000225   0.0009     0         
1000	0.09285    0.09285    0.3712     0         
1024	0.21195    0.21215    0.8481     0         
2000	0.750825   0.751575   3.0035     0         
2048	2.3613     2.36245    9.4523     0         
3000	2.5457     2.54887    10.2219    0         
4096	19.1924    19.1967    76.7789    0         
5000	12.4514    12.4577    49.8161    0         

#N			RUNTIME NORMAL
	L3	   L2CACHE    FLOPS_DP   FLOPS_AVX
64	7.8125e-07 5e-05      0.0002     0         
100	0.000225   0.000225   0.0009     0         
128	0.0005     0.0005     0.002      0         
1000	0.401375   0.446025   1.7637     0         
1024	1.40465    1.42318    5.6472     0         
2000	7.99375    7.8671     31.4358    0         
2048	17.8387    17.7841    71.2164    0         
3000	33.8071    33.656     135.187    0         
4096	152.444    151.668    610.507    0         
5000	189.355    189.227    757.851    0         

#N			L2
	     MatRowVet             MatMatRow
	 Com        Sem        Com        Sem
64	0.2991     0.2836     0.1668     0.0196    
100	0.3089     0.2951     0.114      0.0235    
128	0.2816     0.2999     0.05       0.0032    
1000	0.2927     0.3269     0.2973     0.091     
1024	0.2921     0.3258     0.1964     0.39      
2000	0.3027     0.3121     0.2935     0.3044    
2048	0.2898     0.3039     0.4211     0.2696    
3000	0.3096     0.2464     0.291      0.3847    
4096	0.3148     0.2443     0.4465     0.3209    
5000	0.3335     0.246      0.2813     0.4098    

#N			L3
	     MatRowVet             MatMatRow
	 Com        Sem        Com        Sem
64	18266.4    17444.2    1391.74    628.423   
100	17194.8    11888.7    905.602    332.178   
128	14454.4    10698.5    913.345    325.852   
1000	27048.4    9879.54    2381.68    7005.05   
1024	21910.2    10975.9    9570.4     19341.5   
2000	30870.5    14645      2341.05    19198.5   
2048	21070.3    14124.8    49056.8    12927.8   
3000	30930.6    14166.2    2389.73    33087.1   
4096	21792.5    14312.6    47135.5    15062.4   
5000	32005.4    14427.4    2423.56    35595.8   

#N			FLOPS_DP					FLOPS_AVX
	     MatRowVet             MatMatRow		   MatRowVet             MatMatRow
	 Com        Sem        Com        Sem		Com        Sem        Com        Sem
64	1977.11    2489.97    5082.8     2599.81   	0          0          0          0         
100	2220.59    2220.01    4658.22    2119.48   	0          0          0          0         
128	2294.44    2115.99    4899.47    2120.75   	0          0          0          0         
1000	3497.28    1803.14    5259.96    1133.98   	0          0          0          0         
1024	2847.3     1855.95    2532.1     380.274   	0          0          0          0         
2000	3633.22    1833.31    5200.36    508.974   	0          0          0          0         
2048	2706.58    1811.81    1817.54    241.235   	0          0          0          0         
3000	3767.95    1811.98    5157.02    399.447   	0          0          0          0         
4096	2597.14    1799.83    1790.06    225.123   	0          0          0          0         
5000	3884.91    1815.17    4994.41    329.88    	0          0          0          0         

